 startx  0.000000000000000E+000  3.561111111111111E-004  1.424444444444445E-003
  3.205000000000000E-003  5.697777777777778E-003  8.902777777777779E-003
  1.282000000000000E-002  1.744944444444444E-002  2.279111111111111E-002
  2.884500000000000E-002  3.561111111111111E-002  4.308944444444444E-002
  5.128000000000001E-002  6.018277777777778E-002  6.979777777777778E-002
  8.012500000000000E-002  9.116444444444445E-002  0.102916111111111     
  0.115380000000000       0.128556111111111       0.142444444444444     
  0.157045000000000       0.172357777777778       0.188382777777778     
  0.205120000000000       0.222569444444444       0.240731111111111     
  0.259605000000000       0.279191111111111       0.299489444444444     
  0.320500000000000       0.342222777777778       0.364657777777778     
  0.387805000000000       0.411664444444444       0.436236111111111     
  0.461520000000000       0.487516111111111       0.514224444444444     
  0.541645000000000       0.569777777777778       0.598622777777778     
  0.628180000000000       0.658449444444445       0.689431111111111     
  0.721125000000000       0.753531111111111       0.786649444444445     
  0.820480000000000       0.855022777777778       0.890277777777778     
  0.926245000000000       0.962924444444444        1.00031611111111     
   1.03842000000000        1.07723611111111        1.11676444444444     
   1.15700500000000        1.19795777777778        1.23962277777778     
   1.28200000000000        1.48790000000000        1.69380000000000     
   1.89970000000000        2.10560000000000        2.31150000000000     
   2.51740000000000        2.72330000000000        2.92920000000000     
   3.13510000000000        3.34100000000000        3.54690000000000     
   3.75280000000000        3.95870000000000        4.16460000000000     
   4.37050000000000        4.57640000000000        4.78230000000000     
   4.98820000000000        5.19410000000000        5.40000000000000     
 starty  -5.00000000000000       -5.00000000000000       -5.00000000000000     
  -5.00000000000000       -5.00000000000000       -5.00000000000000     
  -5.00000000000000       -5.00000000000000       -5.00000000000000     
  -5.00000000000000       -5.00000000000000       -5.00000000000000     
  -5.00000000000000       -5.00000000000000       -5.00000000000000     
  -5.00000000000000       -5.00000000000000       -5.00000000000000     
  -5.00000000000000       -5.00000000000000       -5.00000000000000     
  -5.00000000000000       -5.00000000000000       -5.00000000000000     
  -5.00000000000000       -5.00000000000000       -5.00000000000000     
  -5.00000000000000       -5.00000000000000       -5.00000000000000     
  -5.00000000000000       -5.00000000000000       -5.00000000000000     
  -5.00000000000000       -5.00000000000000       -5.00000000000000     
  -5.00000000000000       -5.00000000000000       -5.00000000000000     
  -5.00000000000000       -5.00000000000000       -5.00000000000000     
  -5.00000000000000       -5.00000000000000       -5.00000000000000     
  -5.00000000000000       -5.00000000000000       -5.00000000000000     
  -5.00000000000000       -5.00000000000000       -5.00000000000000     
  -5.00000000000000       -5.00000000000000       -5.00000000000000     
  -5.00000000000000       -5.00000000000000       -5.00000000000000     
  -5.00000000000000       -5.00000000000000       -5.00000000000000     
  -5.00000000000000       -5.00000000000000       -5.00000000000000     
  -5.00000000000000       -5.00000000000000       -5.00000000000000     
  -5.00000000000000       -5.00000000000000       -5.00000000000000     
  -5.00000000000000       -5.00000000000000       -5.00000000000000     
  -5.00000000000000       -5.00000000000000       -5.00000000000000     
  -5.00000000000000       -5.00000000000000       -5.00000000000000     
  -5.00000000000000       -5.00000000000000       -5.00000000000000     
 size of WZ       65536
 NZ       65536
 current number of interface points          81
  0.000000000000000E+000
 about to call solver
 time  0.000000000000000E+000
 special positions call 1
 about to call sphvel
 I2  0.000000000000000E+000
 Indirectly computed I2  0.000000000000000E+000
 I2 Relerr                     NaN
 G2  0.000000000000000E+000
 Claudia's pert force  0.000000000000000E+000
 Haberman's pert force  0.000000000000000E+000
 relerr                     NaN
 StressIndirectI2  0.000000000000000E+000
 IndirectError                     NaN
 U -9.096278714063660E-002
 URef -9.096278714063755E-002
 finished calling sphvel
 U -9.096278714063660E-002
 U in cylindervel -9.096278714063660E-002
 U -9.096278714063660E-002
 sv no reflection  9.043735877086066E-002  9.043735877315580E-002
  9.043735880758301E-002  9.043735895676744E-002  9.043735935841739E-002
  9.043736020532274E-002  9.043736174535165E-002  9.043736428144331E-002
  9.043736817159514E-002  9.043737382884190E-002  9.043738172122401E-002
  9.043739237174130E-002  9.043740635828888E-002  9.043742431357092E-002
  9.043744692498723E-002  9.043747493448841E-002  9.043750913839325E-002
  9.043755038716296E-002  9.043759958512600E-002  9.043765769014642E-002
  9.043772571322935E-002  9.043780471805515E-002  9.043789582043565E-002
  9.043800018768351E-002  9.043811903788682E-002  9.043825363908033E-002
  9.043840530830394E-002  9.043857541054037E-002  9.043876535752202E-002
  9.043897660639855E-002  9.043921065825532E-002  9.043946905647415E-002
  9.043975338492714E-002  9.044006526599485E-002  9.044040635839994E-002
  9.044077835484900E-002  9.044118297947421E-002  9.044162198506818E-002
  9.044209715010565E-002  9.044261027554636E-002  9.044316318141485E-002
  9.044375770315344E-002  9.044439568774638E-002  9.044507898961408E-002
  9.044580946627781E-002  9.044658897379730E-002  9.044741936198464E-002
  9.044830246940083E-002  9.044924011814140E-002  9.045023410842233E-002
  9.045128621297625E-002  9.045239817127523E-002  9.045357168359416E-002
  9.045480840493519E-002  9.045610993883382E-002  9.045747783106969E-002
  9.045891356330865E-002  9.046041854670397E-002  9.046199411548723E-002
  9.046364152058117E-002  9.046536192326959E-002  9.047432556333958E-002
  9.048418792223394E-002  9.049480441825036E-002  9.050603054383964E-002
  9.051772578560206E-002  9.052975686896277E-002  9.054200025973658E-002
  9.055434391719540E-002  9.056668834393171E-002  9.057894701406852E-002
  9.059104628292783E-002  9.060292488967819E-002  9.061453316238911E-002
  9.062583202539368E-002  9.063679189485349E-002  9.064739153243670E-002
  9.065761691096778E-002  9.066746013107090E-002  9.067691841495330E-002
  9.068599319287787E-002
 sv  9.043735877086066E-002  9.043735877315580E-002  9.043735880758301E-002
  9.043735895676744E-002  9.043735935841737E-002  9.043736020532275E-002
  9.043736174535165E-002  9.043736428144331E-002  9.043736817159514E-002
  9.043737382884191E-002  9.043738172122401E-002  9.043739237174130E-002
  9.043740635828888E-002  9.043742431357091E-002  9.043744692498723E-002
  9.043747493448841E-002  9.043750913839325E-002  9.043755038716296E-002
  9.043759958512598E-002  9.043765769014643E-002  9.043772571322935E-002
  9.043780471805515E-002  9.043789582043565E-002  9.043800018768351E-002
  9.043811903788682E-002  9.043825363908033E-002  9.043840530830394E-002
  9.043857541054037E-002  9.043876535752202E-002  9.043897660639856E-002
  9.043921065825532E-002  9.043946905647414E-002  9.043975338492716E-002
  9.044006526599485E-002  9.044040635839994E-002  9.044077835484900E-002
  9.044118297947419E-002  9.044162198506818E-002  9.044209715010565E-002
  9.044261027554636E-002  9.044316318141485E-002  9.044375770315344E-002
  9.044439568774638E-002  9.044507898961408E-002  9.044580946627781E-002
  9.044658897379727E-002  9.044741936198464E-002  9.044830246940083E-002
  9.044924011814140E-002  9.045023410842232E-002  9.045128621297625E-002
  9.045239817127523E-002  9.045357168359416E-002  9.045480840493519E-002
  9.045610993883384E-002  9.045747783106969E-002  9.045891356330864E-002
  9.046041854670397E-002  9.046199411548723E-002  9.046364152058117E-002
  9.046536192326959E-002  9.047432556333958E-002  9.048418792223394E-002
  9.049480441825036E-002  9.050603054383964E-002  9.051772578560206E-002
  9.052975686896278E-002  9.054200025973658E-002  9.055434391719540E-002
  9.056668834393171E-002  9.057894701406852E-002  9.059104628292783E-002
  9.060292488967819E-002  9.061453316238911E-002  9.062583202539368E-002
  9.063679189485349E-002  9.064739153243670E-002  9.065761691096778E-002
  9.066746013107090E-002  9.067691841495330E-002  9.068599319287787E-002
 k2U = [  1.247706837283991E-002  1.247706837260004E-002  1.247706729326253E-002
  1.247706617407583E-002  1.247706073953635E-002  1.247705089795857E-002
  1.247703230844806E-002  1.247700170568207E-002  1.247695473725234E-002
  1.247688589771788E-002  1.247679082226119E-002  1.247666186198525E-002
  1.247649253745397E-002  1.247627508412757E-002  1.247600080292777E-002
  1.247566204334486E-002  1.247524794232396E-002  1.247474856278222E-002
  1.247415307110399E-002  1.247344933560274E-002  1.247262433552343E-002
  1.247166602531043E-002  1.247056239358205E-002  1.246929595256253E-002
  1.246785465521470E-002  1.246621779544197E-002  1.246437655782130E-002
  1.246230807324588E-002  1.245999801801786E-002  1.245742575042349E-002
  1.245457375545150E-002  1.245142234968395E-002  1.244795073106734E-002
  1.244413820419459E-002  1.243996285095929E-002  1.243540283302521E-002
  1.243043631461988E-002  1.242503701929555E-002  1.241918422298556E-002
  1.241285056288397E-002  1.240601201766627E-002  1.239864126319189E-002
  1.239071205939037E-002  1.238219809447877E-002  1.237307104234912E-002
  1.236330134415416E-002  1.235286058884905E-002  1.234171810063405E-002
  1.232984550630871E-002  1.231720994001294E-002  1.230378085997590E-002
  1.228952536564184E-002  1.227441284897269E-002  1.225840614123258E-002
  1.224147460232585E-002  1.222358317136499E-002  1.220469683888852E-002
  1.218478063814913E-002  1.216379724774451E-002  1.214171277803937E-002
  1.211848889372949E-002  1.199476450043260E-002  1.185313458925671E-002
  1.169383750363754E-002  1.151716489771998E-002  1.132347302129237E-002
  1.111319529631433E-002  1.088684711464520E-002  1.064505380896926E-002
  1.038854891292020E-002  1.011820659587864E-002  9.835057289883018E-003
  9.540302967896619E-003  9.235352332669075E-003  8.921829391573433E-003
  8.601613375455180E-003  8.276852664213257E-003  7.949989868356504E-003
  7.623779802224096E-003  7.301297423665310E-003  6.985909598294883E-003 ];
 x vel  0.000000000000000E+000  1.611240274019545E-008  6.445026281719216E-008
  1.450130871798243E-007  2.578007337287206E-007  4.028126584230995E-007
  5.800477500048486E-007  7.895038668188827E-007  1.031177570470613E-006
  1.305063580058267E-006  1.611154246664590E-006  1.949438903071660E-006
  2.319903172892678E-006  2.722528195280407E-006  3.157289768739762E-006
  3.624157447175121E-006  4.123093527697496E-006  4.654051999437945E-006
  5.216977408932164E-006  5.811803658426797E-006  6.438452734698792E-006
  7.096833372655879E-006  7.786839662297668E-006  8.508349584410418E-006
  9.261223492118900E-006  1.004530254049285E-005  1.086040705604394E-005
  1.170633486523298E-005  1.258285957534289E-005  1.348972882080340E-005
  1.442666246904891E-005  1.539335080964592E-005  1.638945271326651E-005
  1.741459378745442E-005  1.846836451870754E-005  1.955031842654394E-005
  2.065997022563867E-005  2.179679401401700E-005  2.296022149650759E-005
  2.414964025038331E-005  2.536439205528401E-005  2.660377128697530E-005
  2.786702340197393E-005  2.915334351565220E-005  3.046187509557138E-005
  3.179170878243008E-005  3.314188135199701E-005  3.451137483979384E-005
  3.589911583497946E-005  3.730397496889623E-005  3.872476660536639E-005
  4.016024875652321E-005  4.160912323163818E-005  4.307003603832432E-005
  4.454157804913844E-005  4.602228594485780E-005  4.751064344867689E-005
  4.900508285944974E-005  5.050398689582236E-005  5.200569085524534E-005
  5.350848509710904E-005  6.044241060447139E-005  6.673492944014175E-005
  7.235658748662097E-005  7.729381749681241E-005  8.154762198982202E-005
  8.513181495842931E-005  8.807098577492262E-005  9.039834074799774E-005
  9.215355772057565E-005  9.338076156924918E-005  9.412669800384910E-005
  9.443915345209997E-005  9.436564271263215E-005  9.395236498919296E-005
  9.324341337955261E-005  9.228021264570674E-005  9.110115442021588E-005
  8.974139696919792E-005  8.823279726217353E-005  8.660394550003697E-005
 y vel  9.043735877086066E-002  9.043735877315580E-002  9.043735880758301E-002
  9.043735895676744E-002  9.043735935841737E-002  9.043736020532275E-002
  9.043736174535165E-002  9.043736428144331E-002  9.043736817159514E-002
  9.043737382884191E-002  9.043738172122401E-002  9.043739237174130E-002
  9.043740635828888E-002  9.043742431357091E-002  9.043744692498723E-002
  9.043747493448841E-002  9.043750913839325E-002  9.043755038716296E-002
  9.043759958512598E-002  9.043765769014643E-002  9.043772571322935E-002
  9.043780471805515E-002  9.043789582043565E-002  9.043800018768351E-002
  9.043811903788682E-002  9.043825363908033E-002  9.043840530830394E-002
  9.043857541054037E-002  9.043876535752202E-002  9.043897660639856E-002
  9.043921065825532E-002  9.043946905647414E-002  9.043975338492716E-002
  9.044006526599485E-002  9.044040635839994E-002  9.044077835484900E-002
  9.044118297947419E-002  9.044162198506818E-002  9.044209715010565E-002
  9.044261027554636E-002  9.044316318141485E-002  9.044375770315344E-002
  9.044439568774638E-002  9.044507898961408E-002  9.044580946627781E-002
  9.044658897379727E-002  9.044741936198464E-002  9.044830246940083E-002
  9.044924011814140E-002  9.045023410842232E-002  9.045128621297625E-002
  9.045239817127523E-002  9.045357168359416E-002  9.045480840493519E-002
  9.045610993883384E-002  9.045747783106969E-002  9.045891356330864E-002
  9.046041854670397E-002  9.046199411548723E-002  9.046364152058117E-002
  9.046536192326959E-002  9.047432556333958E-002  9.048418792223394E-002
  9.049480441825036E-002  9.050603054383964E-002  9.051772578560206E-002
  9.052975686896278E-002  9.054200025973658E-002  9.055434391719540E-002
  9.056668834393171E-002  9.057894701406852E-002  9.059104628292783E-002
  9.060292488967819E-002  9.061453316238911E-002  9.062583202539368E-002
  9.063679189485349E-002  9.064739153243670E-002  9.065761691096778E-002
  9.066746013107090E-002  9.067691841495330E-002  9.068599319287787E-002
 end of rhoode
 time  0.125000000000000     
 special positions call 1
 pertvel is happening!
 pertvel is happening!
